0 3 1 33 34 81
1 3 1 76 64 87
2 3 1 74 36 76
3 3 1 44 33 81
4 3 1 74 76 87
5 3 1 36 74 75
6 3 1 79 68 86
7 3 1 45 83 104
8 3 1 47 80 81
9 3 1 83 48 104
10 3 1 64 76 85
11 3 1 39 84 85
12 3 1 89 70 105
13 3 1 84 39 86
14 3 1 85 76 102
15 3 1 44 79 86
16 3 1 68 84 86
17 3 1 92 91 97
18 3 1 47 81 103
19 3 1 85 102 106
20 3 1 81 34 103
21 3 1 70 89 107
22 3 1 92 97 115
23 3 1 79 44 81
24 3 1 37 89 105
25 3 1 77 46 95
26 3 1 78 38 90
27 3 1 71 50 83
28 3 1 43 49 50
29 3 1 66 54 82
30 3 1 50 49 83
31 3 1 43 18 49
32 3 1 56 74 87
33 3 1 84 64 85
34 3 1 95 38 96
35 3 1 49 48 83
36 3 1 63 64 84
37 3 1 46 14 95
38 3 1 43 51 90
39 3 1 77 95 96
40 3 1 57 56 87
41 3 1 38 16 90
42 3 1 52 50 71
43 3 1 3 4 47
44 3 1 51 78 90
45 3 1 41 6 88
46 3 1 19 48 49
47 3 1 52 71 82
48 3 1 54 52 82
49 3 1 19 20 48
50 3 1 68 63 84
51 3 1 51 50 52
52 3 1 74 66 75
53 3 1 56 54 66
54 3 1 43 50 51
55 3 1 63 60 64
56 3 1 56 66 74
57 3 1 38 78 96
58 3 1 80 79 81
59 3 1 60 57 87
60 3 1 17 18 43
61 3 1 37 8 89
62 3 1 53 52 54
63 3 1 7 37 88
64 3 1 73 68 79
65 3 1 5 6 41
66 3 1 64 60 87
67 3 1 67 63 68
68 3 1 18 19 49
69 3 1 55 54 56
70 3 1 15 16 38
71 3 1 7 8 37
72 3 1 61 60 63
73 3 1 51 52 53
74 3 1 6 7 88
75 3 1 59 57 60
76 3 1 17 43 90
77 3 1 42 91 92
78 3 1 9 42 89
79 3 1 8 9 89
80 3 1 53 54 55
81 3 1 9 10 42
82 3 1 13 14 46
83 3 1 42 10 91
84 3 1 55 56 57
85 3 1 16 17 90
86 3 1 10 11 91
87 3 1 67 68 73
88 3 1 59 60 61
89 3 1 61 63 67
90 3 1 73 79 80
91 3 1 58 57 59
92 3 1 27 28 36
93 3 1 69 62 70
94 3 1 30 31 39
95 3 1 24 25 40
96 3 1 51 53 78
97 3 1 55 57 58
98 3 1 32 33 44
99 3 1 70 62 94
100 3 1 58 59 62
101 3 1 65 69 77
102 3 1 58 62 65
103 3 1 22 23 45
104 3 1 61 67 72
105 3 1 65 62 69
106 3 1 14 15 95
107 3 1 53 55 93
108 3 1 62 59 94
109 3 1 55 58 93
110 3 1 78 53 93
111 3 1 59 61 94
112 3 1 58 65 93
113 3 1 78 93 96
114 3 1 61 72 94
115 3 1 93 65 96
116 3 1 15 38 95
117 3 1 65 77 96
118 3 1 66 82 98
119 3 1 12 13 97
120 3 1 98 82 109
121 3 1 99 73 113
122 3 1 80 47 101
123 3 1 75 98 108
124 3 1 67 73 99
125 3 1 75 108 112
126 3 1 47 4 101
127 3 1 76 36 102
128 3 1 5 41 101
129 3 1 40 98 109
130 3 1 13 46 97
131 3 1 41 99 113
132 3 1 75 66 98
133 3 1 94 72 105
134 3 1 89 42 107
135 3 1 0 12 110
136 3 1 11 0 110
137 3 1 69 92 115
138 3 1 77 69 115
139 3 1 41 88 99
140 3 1 72 67 99
141 3 1 23 24 100
142 3 1 24 40 100
143 3 1 45 23 100
144 3 1 97 46 115
145 3 1 39 85 106
146 3 1 36 28 102
147 3 1 22 45 104
148 3 1 36 75 112
149 3 1 30 39 106
150 3 1 86 39 111
151 3 1 44 86 111
152 3 1 4 5 101
153 3 1 92 69 107
154 3 1 40 25 108
155 3 1 28 29 102
156 3 1 69 70 107
157 3 1 39 31 111
158 3 1 32 44 111
159 3 1 27 36 112
160 3 1 72 99 118
161 3 1 99 88 118
162 3 1 2 3 116
163 3 1 20 1 117
164 3 1 34 35 103
165 3 1 21 22 104
166 3 1 70 94 105
167 3 1 35 2 116
168 3 1 1 21 117
169 3 1 98 40 108
170 3 1 29 30 106
171 3 1 100 40 109
172 3 1 83 45 114
173 3 1 71 83 114
174 3 1 12 97 110
175 3 1 42 92 107
176 3 1 3 47 116
177 3 1 48 20 117
178 3 1 25 26 108
179 3 1 46 77 115
180 3 1 102 29 106
181 3 1 82 71 109
182 3 1 101 41 113
183 3 1 105 72 118
184 3 1 91 11 110
185 3 1 31 32 111
186 3 1 100 109 114
187 3 1 26 27 112
188 3 1 88 37 118
189 3 1 73 80 113
190 3 1 97 91 110
191 3 1 108 26 112
192 3 1 47 103 116
193 3 1 104 48 117
194 3 1 45 100 114
195 3 1 109 71 114
196 3 1 80 101 113
197 3 1 37 105 118
198 3 1 103 35 116
199 3 1 21 104 117
