0 0.0000 0.0000 -1 -1
1 1.0000 0.0000 0 -1
2 0.0000 1.0000 -1 0
3 0.0000 0.9000 -1 0
4 0.0000 0.8000 -1 0
5 0.0000 0.7000 -1 0
6 0.0000 0.6000 -1 0
7 0.0000 0.5000 -1 0
8 0.0000 0.4000 -1 0
9 0.0000 0.3000 -1 0
10 0.0000 0.2000 -1 0
11 0.0000 0.1000 -1 0
12 0.1000 0.0000 0 -1
13 0.2000 0.0000 0 -1
14 0.3000 0.0000 0 -1
15 0.4000 0.0000 0 -1
16 0.5000 0.0000 0 -1
17 0.6000 0.0000 0 -1
18 0.7000 0.0000 0 -1
19 0.8000 0.0000 0 -1
20 0.9000 0.0000 0 -1
21 0.9952 0.0980 0 0
22 0.9808 0.1951 0 0
23 0.9569 0.2903 0 0
24 0.9239 0.3827 0 0
25 0.8819 0.4714 0 0
26 0.8315 0.5556 0 0
27 0.7730 0.6344 0 0
28 0.7071 0.7071 0 0
29 0.6344 0.7730 0 0
30 0.5556 0.8315 0 0
31 0.4714 0.8819 0 0
32 0.3827 0.9239 0 0
33 0.2903 0.9569 0 0
34 0.1951 0.9808 0 0
35 0.0980 0.9952 0 0
36 0.6768 0.6097 0 0
37 0.0798 0.4541 0 0
38 0.4500 0.0866 0 0
39 0.4689 0.7834 0 0
40 0.8333 0.4021 0 0
41 0.0762 0.6510 0 0
42 0.0846 0.2465 0 0
43 0.6502 0.0865 0 0
44 0.3181 0.8586 0 0
45 0.8864 0.2220 0 0
46 0.2568 0.0835 0 0
47 0.0866 0.8500 0 0
48 0.8501 0.0768 0 0
49 0.7501 0.0848 0 0
50 0.7003 0.1724 0 0
51 0.6007 0.1728 0 0
52 0.6507 0.2588 0 0
53 0.5514 0.2592 0 0
54 0.6013 0.3449 0 0
55 0.5021 0.3453 0 0
56 0.5520 0.4310 0 0
57 0.4528 0.4314 0 0
58 0.4029 0.3456 0 0
59 0.3537 0.4318 0 0
60 0.4036 0.5175 0 0
61 0.3044 0.5179 0 0
62 0.3036 0.3459 0 0
63 0.3544 0.6035 0 0
64 0.4566 0.6056 0 0
65 0.3530 0.2597 0 0
66 0.6500 0.4311 0 0
67 0.2565 0.6032 0 0
68 0.3079 0.6907 0 0
69 0.2472 0.2517 0 0
70 0.2036 0.3473 0 0
71 0.7417 0.2558 0 0
72 0.2141 0.5130 0 0
73 0.2125 0.6919 0 0
74 0.6044 0.5179 0 0
75 0.7047 0.5090 0 0
76 0.5642 0.6081 0 0
77 0.3070 0.1686 0 0
78 0.5011 0.1731 0 0
79 0.2620 0.7770 0 0
80 0.1625 0.7728 0 0
81 0.2067 0.8616 0 0
82 0.6940 0.3426 0 0
83 0.8071 0.1722 0 0
84 0.4042 0.6892 0 0
85 0.5122 0.6873 0 0
86 0.3606 0.7750 0 0
87 0.5056 0.5186 0 0
88 0.0760 0.5509 0 0
89 0.0997 0.3503 0 0
90 0.5502 0.0865 0 0
91 0.0845 0.1502 0 0
92 0.1607 0.1947 0 0
93 0.4521 0.2594 0 0
94 0.2554 0.4317 0 0
95 0.3521 0.0856 0 0
96 0.4022 0.1736 0 0
97 0.1573 0.0912 0 0
98 0.7439 0.4164 0 0
99 0.1596 0.6016 0 0
100 0.8666 0.3140 0 0
101 0.0726 0.7500 0 0
102 0.6085 0.6892 0 0
103 0.1363 0.9191 0 0
104 0.9191 0.1363 0 0
105 0.1668 0.4289 0 0
106 0.5559 0.7529 0 0
107 0.1601 0.2786 0 0
108 0.7922 0.4861 0 0
109 0.7836 0.3311 0 0
110 0.0732 0.0732 0 0
111 0.4014 0.8477 0 0
112 0.7581 0.5622 0 0
113 0.1367 0.6935 0 0
114 0.8222 0.2554 0 0
115 0.2304 0.1574 0 0
116 0.0645 0.9323 0 0
117 0.9310 0.0652 0 0
118 0.1368 0.5000 0 0
